$ 1 0.000005 10.20027730826997 50 5 50
d 544 368 608 368 2 default
d 608 368 672 368 2 default
d 672 368 736 368 2 default
c 608 368 608 432 0 0.00009999999999999999 8.53072284947963 0.001
c 672 368 672 432 0 0.00009999999999999999 27.38559604563703 0.001
c 736 368 736 432 0 0.00009999999999999999 26.37905637519711 0.001
d 736 368 800 368 2 default
c 544 368 544 432 0 0.00009999999999999999 9.543898100635754 0.001
v 416 448 416 368 0 0 40 10 0 0 0.5
g 416 448 416 480 0 0
r 416 368 480 368 0 10
R 368 528 320 528 0 2 40 5 5 0 0.5
R 368 576 320 576 0 2 40 5 5 3.141592653589793 0.5
w 672 576 672 432 0
w 544 432 544 576 0
w 672 576 608 576 0
w 608 576 544 576 0
w 544 576 368 576 0
w 368 528 512 528 0
w 512 528 608 528 0
w 608 528 608 432 0
w 608 528 736 528 0
w 736 528 736 432 0
r 864 384 864 464 0 1000
g 864 480 864 512 0 0
w 864 480 864 464 0
w 864 384 864 368 0
w 864 368 800 368 0
c 800 368 800 480 0 0.00009999999999999999 39.64272497253814 0.001
w 864 480 800 480 0
d 480 368 544 368 2 default
o 26 64 0 4099 80 0.05 0 2 26 3
o 18 64 0 4099 20 819.2 1 2 18 3

