$ 1 0.000005 10.20027730826997 50 5 50
v 336 464 336 272 0 0 40 5 0 0 0.5
f 608 384 608 272 41 1.5 0.02
r 768 288 768 432 0 10
w 768 432 768 480 0
w 768 480 608 480 0
w 336 480 336 464 0
w 624 272 768 272 0
w 768 272 768 288 0
w 336 272 512 272 0
w 512 272 592 272 0
w 384 480 336 480 0
f 528 416 608 416 32 1.5 0.02
w 608 384 608 400 0
w 608 480 608 432 0
r 528 416 464 416 0 10
r 528 416 528 480 0 10000
w 528 480 608 480 0
w 528 480 384 480 0
v 384 480 384 416 0 0 40 5 0 0 0.5
s 384 416 464 416 0 1 false
w 608 384 544 384 0
r 512 272 512 384 0 1000
w 512 384 544 384 0
