$ 1 0.000005 10.20027730826997 50 5 50
v 240 640 240 512 0 0 40 5 0 0 0.5
v 240 672 336 672 0 1 5000 5 5 0 0.5
g 240 688 240 720 0 0
w 240 464 240 512 0
162 512 464 512 560 2 default-led 1 0 0 0.01
r 512 560 512 624 0 200
g 512 736 512 768 0 0
f 464 672 512 672 32 1.5 0.02
w 512 688 512 720 0
w 512 656 512 624 0
w 240 672 240 688 0
w 240 672 240 640 0
w 512 464 448 464 0
c 448 480 448 528 0 0.00001 4.853313900571232 0.001
w 448 480 448 464 0
g 448 544 448 576 0 0
w 448 544 448 528 0
r 288 464 384 464 0 10
w 288 464 240 464 0
w 384 464 448 464 0
c 560 656 560 704 0 0.00001 0.14878669587569296 0.001
w 512 624 560 624 0
w 560 656 560 624 0
w 512 720 560 720 0
w 560 720 560 704 0
s 336 672 400 672 0 0 false
r 400 672 400 736 0 10000
w 512 736 512 720 0
w 512 736 432 736 0
r 656 528 656 592 0 10000
w 512 464 656 464 0
w 656 464 656 528 0
g 656 608 656 624 0 0
w 656 608 656 592 0
r 400 672 464 672 0 10
w 400 736 432 736 0
o 7 64 0 4099 2.5 0.4 0 2 7 3
o 4 64 0 4099 5 0.025 1 2 4 3
